I
1100 Generated by WorldEditor 1.6.0r1

1    162 0 0 M90 MENDOTA
1302 city 
1302 country 
1302 datum_lat 36.758611111
1302 datum_lon -120.371388889
1302 faa_code M90
1302 iata_code 
1302 icao_code 
1302 region_code K2
1302 state 
1302 transition_alt 18000
1302 transition_level 18000
100 18.29 1 0 0.25 0 2 0 15  36.76329214 -120.37340235    0    0 2 0 0 0 33  36.75409758 -120.36956386  252    0 2 0 0 0
110 2 0.00 0.0000 Mid E/Exitpoint
111  36.75726463 -120.37151433 20
111  36.75734655 -120.37148082 20
111  36.75747215 -120.37119864 20
111  36.75742595 -120.37106169 20
111  36.75768668 -120.37117053 20
111  36.75757522 -120.37123107 20
112  36.75749207 -120.37143865  36.75742710 -120.37158569 20
113  36.75753538 -120.37162780 20
110 2 0.00 0.0000 Southern E/Exitpoint
111  36.75608610 -120.37102040 20
111  36.75615571 -120.37088708 20
111  36.75622431 -120.37056326 20
111  36.75642762 -120.37064577 20
111  36.75629915 -120.37075164 20
112  36.75625175 -120.37091354  36.75621558 -120.37105054 20
113  36.75636967 -120.37113924 20
110 2 0.00 342.0000 Main Apron
111  36.75750433 -120.37172369
112  36.75731505 -120.37182952  36.75725255 -120.37196403
111  36.75731505 -120.37182952
112  36.75731505 -120.37182952  36.75730103 -120.37185969
112  36.75737935 -120.37199209  36.75739288 -120.37208087
111  36.75737935 -120.37199209
112  36.75737935 -120.37199209  36.75738691 -120.37203246
112  36.75735407 -120.37217385  36.75733399 -120.37222107
111  36.75735407 -120.37217385
112  36.75735407 -120.37217385  36.75734464 -120.37219604
112  36.75731995 -120.37225584  36.75731043 -120.37227831
111  36.75731995 -120.37225584
112  36.75731995 -120.37225584  36.75729564 -120.37231354
112  36.75713344 -120.37225115  36.75712314 -120.37227555
111  36.75713344 -120.37225115
112  36.75713344 -120.37225115  36.75706787 -120.37240652
111  36.75701115 -120.37254242
111  36.75695511 -120.37244558
111  36.75687105 -120.37239715
111  36.75676759 -120.37236218
111  36.75671155 -120.37225188
111  36.75673095 -120.37212544
111  36.75642489 -120.37196403
111  36.75657145 -120.37154436
112  36.75673095 -120.37151477  36.75685381 -120.37156857
111  36.75720082 -120.37170577
113  36.75723581 -120.37159666
110 2 0.00 342.0000 MainTaxiway
111  36.76065580 -120.37241004 20
111  36.76045287 -120.37267148 20
112  36.76008430 -120.37280868  36.75986876 -120.37272528 20
111  36.75750433 -120.37172369 20
111  36.75723581 -120.37159666 20
111  36.75447410 -120.37044887 20
112  36.75418248 -120.37018850  36.75409442 -120.37002453 20
111  36.75404533 -120.36991372 20
112  36.75404461 -120.36981012  36.75405905 -120.36973894 20
111  36.75407169 -120.36966144 20
111  36.75446604 -120.36982592 20
111  36.75442646 -120.36997138 20
111  36.75423156 -120.36989841 20
111  36.75422146 -120.36994615 20
112  36.75430447 -120.37019030  36.75438964 -120.37028670 20
111  36.75452896 -120.37036778 20
111  36.75608610 -120.37102040 20
111  36.75636967 -120.37113924 20
111  36.75726463 -120.37151433 20
111  36.75753538 -120.37162780 20
111  36.76013106 -120.37271568 20
112  36.76037431 -120.37259585  36.76045010 -120.37243187 20
113  36.76039249 -120.37230016 20
130 Airport Boundary 1
111  36.76493239 -120.37234843
111  36.76393148 -120.37534654
111  36.76038382 -120.37381972
111  36.76028373 -120.37325064
111  36.75988336 -120.37386136
111  36.75921609 -120.37312572
111  36.75693293 -120.37318686
111  36.75662773 -120.37297380
111  36.75484826 -120.37120153
111  36.75493361 -120.37108855
111  36.75475256 -120.37087549
111  36.75286188 -120.37009430
111  36.75379299 -120.36883212
113  36.75654496 -120.36878365
120 Taxicurve33
111  36.75634314 -120.37057783 20
112  36.75626085 -120.37068486  36.75623833 -120.37075946 20
111  36.75619935 -120.37089785 20
112  36.75628597 -120.37115624  36.75641330 -120.37121137 20
115  36.75644448 -120.37122327
120 Taxicurve2
111  36.75753329 -120.37119408 20
112  36.75744840 -120.37097460  36.75731934 -120.37092055 20
115  36.75726910 -120.37090109
120 Taxicurve3
111  36.75747179 -120.37164924 20
112  36.75741895 -120.37146869  36.75747179 -120.37134111 20
111  36.75753329 -120.37119408 20
112  36.75772991 -120.37109137  36.75784685 -120.37114434 20
115  36.75784685 -120.37114434
120 Taxicurve15
111  36.76050086 -120.37243957 20
112  36.76068969 -120.37232497  36.76080316 -120.37237362 20
115  36.76080317 -120.37237362
120 Taxicurve15b
111  36.75732627 -120.37170980 20
112  36.75747179 -120.37164925  36.75754585 -120.37168404 20
111  36.76012840 -120.37276501 20
112  36.76041251 -120.37263419  36.76049913 -120.37244714 20
111  36.76050086 -120.37243957 20
116  36.76034322 -120.37218009  36.76015785 -120.37210981
120 TaxicurveApron
111  36.75418181 -120.37008082 20
112  36.75452583 -120.37041248  36.75478706 -120.37053192 20
111  36.75729332 -120.37157784 20
116  36.75732627 -120.37170980  36.75729568 -120.37180391
120 TaxicurveBlastpad1
111  36.75419661 -120.36971333 20
111  36.75415251 -120.36987227 20
116  36.75415077 -120.37010254  36.75418587 -120.37016916
120 TaxicurveBlastpad2
111  36.75422474 -120.36972527 20
111  36.75418442 -120.36988096 20
116  36.75418181 -120.37008082  36.75420734 -120.37016771
120 TaxicurveBlastpad3
111  36.75426187 -120.36974121 20
111  36.75425723 -120.36976184 20
111  36.75421778 -120.36989255 20
116  36.75420821 -120.37006308  36.75422445 -120.37013259
120 DiagWhite1
111  36.75437677 -120.36995309 20
115  36.75431064 -120.36976172
120 DiagWhite1
111  36.75441055 -120.36996390 20
115  36.75434645 -120.36977579
120 DiagWhite1
111  36.75431094 -120.36992822 20
115  36.75425723 -120.36976173
120 DiagWhite1
111  36.75434212 -120.36993795 20
115  36.75427628 -120.36974730
120 HOLD CNTRE
111  36.75739155 -120.37138132 5
115  36.75749207 -120.37143865
120 Hold33
111  36.75624986 -120.37092049 5
115  36.75615736 -120.37088029
120 TaxilineApron
111  36.75741895 -120.37146869 20
111  36.75732627 -120.37170980 20
115  36.75724739 -120.37186145
120 Hold15
111  36.76045279 -120.37267126 5
115  36.76037424 -120.37259552
120 HoldBlastpad
111  36.75414071 -120.37010934 5
115  36.75423422 -120.37004588
1300  36.75686022 -120.37229518  68.06 tie_down props NWGA1
1301 B general_aviation 
1300  36.75658492 -120.37175197 334.95 tie_down props SWGA1
1301 B general_aviation 
1300  36.75666999 -120.37158594 336.54 tie_down props SEGA1
1301 B general_aviation 
18  36.75773104 -120.37007550 1 BEACON
19  36.75748862 -120.37195507 0 ApronWS
19  36.76297602 -120.37390956 1 WS
19  36.75391863 -120.37011061 1 WS
51 12290 CTAF
1200 
1201  36.75687232 -120.37225375 both 0 unnamed entity(split)
1201  36.75675830 -120.37169612 both 1 unnamed entity(split)
1201  36.75620060 -120.37104642 both 2 c_stop
1201  36.75691404 -120.37211094 both 3 B1_stop
1201  36.75716936 -120.37191977 both 4 unnamed entity(split)
1201  36.75672001 -120.37182603 both 5 B1_stop
1201  36.75677620 -120.37163536 both 6 B1_stop
1201  36.75724725 -120.37186146 both 7 B1_stop
1201  36.75732653 -120.37170982 both 8 B1_stop
1201  36.75740983 -120.37157529 both 9 B_stop
1201  36.75741847 -120.37146875 both 10 B_stop
1201  36.75431912 -120.37027197 both 11 A_stop
1201  36.75452531 -120.37041360 both 12 A_stop
1201  36.75628578 -120.37115659 both 13 A_stop
1201  36.75729260 -120.37157777 both 14 A_stop
1201  36.75747170 -120.37164911 both 15 A_stop
1201  36.75736601 -120.37160703 both 16 unnamed entity(split)
1201  36.76012763 -120.37276524 both 17 A_stop
1201  36.76022078 -120.37277211 both 18 A_stop
1201  36.76032366 -120.37273882 both 19 A_stop
1201  36.75418201 -120.37008120 both 20 1533-EEd_stop
1201  36.75418414 -120.36988087 both 21 1533-EEd_stop
1201  36.75422469 -120.36972531 both 22 1533-EEd_stop
1201  36.75619882 -120.37089832 both 23 1533-EEc_stop
1201  36.75626116 -120.37068473 both 24 1533-EEc_stop
1201  36.75752812 -120.37105736 both 25 1533-EEb_stop
1201  36.75744274 -120.37141010 both 26 1533-EEb_stop
1201  36.75753306 -120.37119343 both 27 1533-EEb_stop
1201  36.76046162 -120.37227115 both 28 1533-EEa_stop
1201  36.75427783 -120.36963902 both 29 1533_stop
1201  36.75644682 -120.37054493 both 30 1533_stop
1201  36.75745124 -120.37096384 both 31 1533_stop
1201  36.75773269 -120.37108140 both 32 1533_stop
1201  36.76034585 -120.37217227 both 33 1533_stop
1201  36.76069185 -120.37231686 both 34 1533_stop
1201  36.76327304 -120.37339438 both 35 1533_start
1201  36.76041243 -120.37263424 both 36 1533-EE_stop
1201  36.76050084 -120.37243964 both 37 1533-EE_stop
1201  36.75686022 -120.37229518 both 38 NWGA1
1201  36.75658492 -120.37175197 both 39 SWGA1
1201  36.75662939 -120.37177635 both 40 unnamed entity(split)
1201  36.75666999 -120.37158594 both 41 SEGA1
1202 38 0 twoway taxiway_B RampRuns
1202 0 3 twoway taxiway_B RampRuns
1202 39 40 twoway taxiway_B RampRuns
1202 40 5 twoway taxiway_B RampRuns
1202 41 6 twoway taxiway_B RampRuns
1202 2 13 twoway taxiway_B c
1202 23 2 twoway taxiway_B c
1202 3 4 twoway taxiway_B B1
1202 4 7 twoway taxiway_B B1
1202 5 3 twoway taxiway_B B1
1202 6 1 twoway taxiway_B B1
1202 1 5 twoway taxiway_B B1
1202 7 6 twoway taxiway_B B1
1202 8 7 twoway taxiway_B B1
1202 16 8 twoway taxiway_B B1
1202 10 16 twoway taxiway_B B1
1202 9 15 twoway taxiway_B B
1202 10 9 twoway taxiway_B B
1202 26 10 twoway taxiway_B B
1202 11 20 twoway taxiway_B A
1202 12 11 twoway taxiway_B A
1202 13 12 twoway taxiway_B A
1202 14 13 twoway taxiway_B A
1202 15 16 twoway taxiway_B A
1202 16 14 twoway taxiway_B A
1202 17 15 twoway taxiway_B A
1202 18 17 twoway taxiway_B A
1202 19 18 twoway taxiway_B A
1202 36 19 twoway taxiway_B A
1202 21 20 twoway taxiway_B 1533-EEd
1204 departure 15,33
1204 arrival 15,33
1202 22 21 twoway taxiway_B 1533-EEd
1204 departure 15,33
1204 arrival 15,33
1202 29 22 twoway taxiway_B 1533-EEd
1204 departure 15,33
1204 arrival 15,33
1202 24 23 twoway taxiway_B 1533-EEc
1204 departure 15,33
1204 arrival 15,33
1202 30 24 twoway taxiway_B 1533-EEc
1204 departure 15,33
1204 arrival 15,33
1202 25 27 twoway taxiway_B 1533-EEb
1204 departure 15,33
1204 arrival 15,33
1202 31 25 twoway taxiway_B 1533-EEb
1204 departure 15,33
1204 arrival 15,33
1202 27 26 twoway taxiway_B 1533-EEb
1204 departure 15,33
1204 arrival 15,33
1202 32 27 twoway taxiway_B 1533-EEb
1204 departure 15,33
1204 arrival 15,33
1202 28 37 twoway taxiway_B 1533-EEa
1204 departure 15,33
1204 arrival 15,33
1202 33 28 twoway taxiway_B 1533-EEa
1204 departure 15,33
1204 arrival 15,33
1202 30 29 twoway runway 15/33
1204 departure 15,33
1204 arrival 15,33
1204 ils 15,33
1202 31 30 twoway runway 15/33
1204 departure 15,33
1204 arrival 15,33
1204 ils 15,33
1202 32 31 twoway runway 15/33
1204 departure 15,33
1204 arrival 15,33
1204 ils 15,33
1202 33 32 twoway runway 15/33
1204 departure 15,33
1204 arrival 15,33
1204 ils 15,33
1202 34 33 twoway runway 15/33
1204 departure 15,33
1204 arrival 15,33
1204 ils 15,33
1202 35 34 twoway runway 15/33
1204 departure 15,33
1204 arrival 15,33
1204 ils 15,33
1202 37 36 twoway taxiway_B 1533-EE
1204 departure 15,33
1204 arrival 15,33
1202 34 37 twoway taxiway_B 1533-EE
1204 departure 15,33
1204 arrival 15,33
99
